Edge	4	39	51	0	0	0	18	-1
	Sequence	+edge_3_0_+disjointig_2_0_9191 9191 2 5276288 0 9191
Edge	5	60	52	0	0	0	18	-1
	Sequence	-edge_3_0_+disjointig_2_0_9191 9191 -2 5276288 5267096 5276287
Edge	6	48	70	0	0	0	29	-1
	Sequence	+edge_4_0_+disjointig_2_9191_19891 10700 2 5276288 9191 19891
	Sequence	+edge_4_1_-disjointig_2_5241927_5252845 10918 -2 5276288 5241927 5252845
	Sequence	+edge_4_2_-disjointig_2_76_10985 10909 -2 5276288 76 10985
Edge	7	76	82	0	0	0	29	-1
	Sequence	-edge_4_0_+disjointig_2_9191_19891 10700 -2 5276288 5256396 5267096
	Sequence	-edge_4_1_-disjointig_2_5241927_5252845 10918 2 5276288 23442 34360
	Sequence	-edge_4_2_-disjointig_2_76_10985 10909 2 5276288 5265302 5276211
Edge	8	82	55	0	0	0	58	-1
	Sequence	+edge_5_0_+disjointig_2_34360_170711 136351 2 5276288 34360 170711
Edge	9	14	48	0	0	0	58	-1
	Sequence	-edge_5_0_+disjointig_2_34360_170711 136351 -2 5276288 5105576 5241927
Edge	12	70	2	0	0	0	41	-1
	Sequence	+edge_7_0_-disjointig_2_5252845_5255427 2582 -2 5276288 5252845 5255427
	Sequence	+edge_7_1_-disjointig_2_10985_13628 2643 -2 5276288 10985 13628
Edge	13	3	76	0	0	0	41	-1
	Sequence	-edge_7_0_-disjointig_2_5252845_5255427 2582 2 5276288 20860 23442
	Sequence	-edge_7_1_-disjointig_2_10985_13628 2643 2 5276288 5262659 5265302
Edge	14	2	20	0	0	0	76	-1
	Sequence	+edge_8_0_-disjointig_2_13628_520010 506382 -2 5276288 13628 520010
Edge	15	36	3	0	0	0	76	-1
	Sequence	-edge_8_0_-disjointig_2_13628_520010 506382 2 5276288 4756277 5262659
Edge	18	44	15	0	0	0	65	-1
	Sequence	+edge_10_0_-disjointig_2_4406447_5103138 696691 -2 5276288 4406447 5103138
Edge	19	13	34	0	0	0	65	-1
	Sequence	-edge_10_0_-disjointig_2_4406447_5103138 696691 2 5276288 173149 869840
Edge	20	33	38	0	0	0	64	-1
	Sequence	+edge_11_0_+disjointig_2_872278_875951 3673 2 5276288 872278 875951
Edge	21	25	47	0	0	0	64	-1
	Sequence	-edge_11_0_+disjointig_2_872278_875951 3673 -2 5276288 4400336 4404009
Edge	24	49	84	0	0	0	39	-1
	Sequence	+edge_13_0_+disjointig_5_128287_171038 42751 5 245477 128287 171038
Edge	25	83	89	0	0	0	39	-1
	Sequence	-edge_13_0_+disjointig_5_128287_171038 42751 -5 245477 74438 117189
Edge	26	24	23	0	0	0	70	-1
	Sequence	+edge_14_0_+disjointig_2_878439_2502787 1624348 2 5276288 878439 2502787
Edge	27	67	59	0	0	0	70	-1
	Sequence	-edge_14_0_+disjointig_2_878439_2502787 1624348 -2 5276288 2773500 4397848
Edge	32	68	22	0	0	0	83	-1
	Sequence	+edge_17_0_+disjointig_2_3994098_4750815 756717 2 5276288 3994098 4750815
Edge	33	19	46	0	0	0	83	-1
	Sequence	-edge_17_0_+disjointig_2_3994098_4750815 756717 -2 5276288 525472 1282189
Edge	34	81	71	0	0	0	92	-1
	Sequence	+edge_18_0_-disjointig_2_1793255_1887029 93774 -2 5276288 1793255 1887029
Edge	35	17	40	0	0	0	92	-1
	Sequence	-edge_18_0_-disjointig_2_1793255_1887029 93774 2 5276288 3389258 3483032
Edge	36	77	6	0	0	0	87	-1
	Sequence	+edge_19_0_-disjointig_2_1892525_1978998 86473 -2 5276288 1892525 1978998
Edge	37	42	18	0	0	0	87	-1
	Sequence	-edge_19_0_-disjointig_2_1892525_1978998 86473 2 5276288 3297289 3383762
Edge	38	5	1	0	0	0	86	-1
	Sequence	+edge_20_0_-disjointig_2_1984602_2024074 39472 -2 5276288 1984602 2024074
Edge	39	64	56	0	0	0	86	-1
	Sequence	-edge_20_0_-disjointig_2_1984602_2024074 39472 2 5276288 3252213 3291685
Edge	40	0	32	0	0	0	94	-1
	Sequence	+edge_21_0_-disjointig_2_2029480_2266015 236535 -2 5276288 2029480 2266015
Edge	41	78	62	0	0	0	94	-1
	Sequence	-edge_21_0_-disjointig_2_2029480_2266015 236535 2 5276288 3010272 3246807
Edge	42	72	10	0	0	0	84	-1
	Sequence	+edge_22_0_-disjointig_2_2406111_2550216 144105 -2 5276288 2406111 2550216
Edge	43	11	30	0	0	0	84	-1
	Sequence	-edge_22_0_-disjointig_2_2406111_2550216 144105 2 5276288 2726071 2870176
Edge	44	7	29	0	0	0	89	-1
	Sequence	+edge_23_0_+disjointig_2_3488445_3989042 500597 2 5276288 3488445 3989042
Edge	45	37	8	0	0	0	89	-1
	Sequence	-edge_23_0_+disjointig_2_3488445_3989042 500597 -2 5276288 1287245 1787842
Edge	46	21	12	0	0	0	84	-1
	Sequence	+edge_24_0_+disjointig_2_2508255_2722728 214473 2 5276288 2508255 2722728
Edge	47	9	28	0	0	0	84	-1
	Sequence	-edge_24_0_+disjointig_2_2508255_2722728 214473 -2 5276288 2553559 2768032
Edge	48	69	73	0	0	0	90	-1
	Sequence	+edge_25_0_+disjointig_2_2875586_3006923 131337 2 5276288 2875586 3006923
Edge	49	31	27	0	0	0	90	-1
	Sequence	-edge_25_0_+disjointig_2_2875586_3006923 131337 -2 5276288 2269364 2400701
Edge	52	35	35	1	0	0	32	-1
	Sequence	+edge_27_0_+disjointig_3_53_4157 4104 3 7923 53 4157
	Sequence	+edge_27_1_+disjointig_3_4157_7833 3676 3 7923 4157 7833
Edge	53	61	61	1	0	0	32	-1
	Sequence	-edge_27_0_+disjointig_3_53_4157 4104 -3 7923 3765 7869
	Sequence	-edge_27_1_+disjointig_3_4157_7833 3676 -3 7923 89 3765
Edge	56	80	16	0	0	0	22	-1
	Sequence	+edge_29_0_+disjointig_4_4288_7806 3518 4 60880 4288 7806
	Sequence	+edge_29_1_-disjointig_4_29287_32809 3522 -4 60880 29287 32809
	Sequence	+edge_29_2_-disjointig_4_6968_10492 3524 -4 60880 6968 10492
Edge	57	53	75	0	0	0	22	-1
	Sequence	-edge_29_0_+disjointig_4_4288_7806 3518 -4 60880 53073 56591
	Sequence	-edge_29_1_-disjointig_4_29287_32809 3522 4 60880 28070 31592
	Sequence	-edge_29_2_-disjointig_4_6968_10492 3524 4 60880 50387 53911
Edge	72	45	45	0	0	0	71	-1
	Sequence	+edge_37_0_+disjointig_1_8385_18196 9811 1 18261 8385 18196
Edge	73	57	57	0	0	0	71	-1
	Sequence	-edge_37_0_+disjointig_1_8385_18196 9811 -1 18261 64 9875
Edge	74	43	26	0	0	0	53	-1
	Sequence	+edge_38_0_-disjointig_5_119677_238643 118966 -5 245477 119677 238643
Edge	75	65	50	0	0	0	53	-1
	Sequence	-edge_38_0_-disjointig_5_119677_238643 118966 5 245477 6833 125799
Edge	76	16	80	0	0	0	25	-1
	Sequence	+edge_39_0_+disjointig_4_7806_26637 18831 4 60880 7806 26637
	Sequence	+edge_39_1_-disjointig_4_10492_29287 18795 -4 60880 10492 29287
Edge	77	75	53	0	0	0	25	-1
	Sequence	-edge_39_0_+disjointig_4_7806_26637 18831 -4 60880 34242 53073
	Sequence	-edge_39_1_-disjointig_4_10492_29287 18795 4 60880 31592 50387
Edge	78	87	85	0	0	0	44	-1
	Sequence	+edge_40_0_+disjointig_5_175034_192000 16966 5 245477 175034 192000
Edge	79	4	41	0	0	0	44	-1
	Sequence	-edge_40_0_+disjointig_5_175034_192000 16966 -5 245477 53476 70442
Edge	82	41	83	0	0	0	41	-1
	Sequence	+edge_42_0_+SRR33251867.67590_24774_28763 3989 * 0 0 0
Edge	83	84	87	0	0	0	41	-1
	Sequence	-edge_42_0_+SRR33251867.67590_24774_28763 3989 * 0 0 0
Edge	84	50	49	0	0	0	46	-1
	Sequence	+edge_43_0_+SRR33251867.62382_27097_29585 2488 * 0 0 0
Edge	85	89	43	0	0	0	46	-1
	Sequence	-edge_43_0_+SRR33251867.62382_27097_29585 2488 * 0 0 0
Edge	86	47	44	0	0	0	64	-1
	Sequence	+edge_44_0_-SRR33251867.19159_4315_6749 2434 * 0 0 0
Edge	87	34	33	0	0	0	64	-1
	Sequence	-edge_44_0_-SRR33251867.19159_4315_6749 2434 * 0 0 0
Edge	88	32	31	0	0	0	92	-1
	Sequence	+edge_45_0_-SRR33251867.9667_9809_13156 3347 * 0 0 0
Edge	89	73	78	0	0	0	92	-1
	Sequence	-edge_45_0_-SRR33251867.9667_9809_13156 3347 * 0 0 0
Edge	90	30	69	0	0	0	87	-1
	Sequence	+edge_46_0_-SRR33251867.44378_30379_35777 5398 * 0 0 0
Edge	91	27	72	0	0	0	87	-1
	Sequence	-edge_46_0_-SRR33251867.44378_30379_35777 5398 * 0 0 0
Edge	92	59	25	0	0	0	67	-1
	Sequence	+edge_47_0_+SRR33251867.8293_9067_11552 2485 * 0 0 0
Edge	93	38	24	0	0	0	67	-1
	Sequence	-edge_47_0_+SRR33251867.8293_9067_11552 2485 * 0 0 0
Edge	94	46	37	0	0	0	86	-1
	Sequence	+edge_48_0_+SRR33251867.109830_13472_18525 5053 * 0 0 0
Edge	95	29	68	0	0	0	86	-1
	Sequence	-edge_48_0_+SRR33251867.109830_13472_18525 5053 * 0 0 0
Edge	96	23	21	0	0	0	77	-1
	Sequence	+edge_49_0_-SRR33251867.20914_18291_23754 5463 * 0 0 0
Edge	97	28	67	0	0	0	77	-1
	Sequence	-edge_49_0_-SRR33251867.20914_18291_23754 5463 * 0 0 0
Edge	98	22	36	0	0	0	79	-1
	Sequence	+edge_50_0_+SRR33251867.109131_16318_21778 5460 * 0 0 0
Edge	99	20	19	0	0	0	79	-1
	Sequence	-edge_50_0_+SRR33251867.109131_16318_21778 5460 * 0 0 0
Edge	100	71	77	0	0	0	89	-1
	Sequence	+edge_51_0_-SRR33251867.28367_3072_8564 5492 * 0 0 0
Edge	101	18	17	0	0	0	89	-1
	Sequence	-edge_51_0_-SRR33251867.28367_3072_8564 5492 * 0 0 0
Edge	104	15	14	0	0	0	61	-1
	Sequence	+edge_53_0_-SRR33251867.75540_7505_9940 2435 * 0 0 0
Edge	105	55	13	0	0	0	61	-1
	Sequence	-edge_53_0_-SRR33251867.75540_7505_9940 2435 * 0 0 0
Edge	106	12	11	0	0	0	84	-1
	Sequence	+edge_54_0_-SRR33251867.54822_14703_18043 3340 * 0 0 0
Edge	107	10	9	0	0	0	84	-1
	Sequence	-edge_54_0_-SRR33251867.54822_14703_18043 3340 * 0 0 0
Edge	108	8	81	0	0	0	90	-1
	Sequence	+edge_55_0_-SRR33251867.1560_7063_12471 5408 * 0 0 0
Edge	109	40	7	0	0	0	90	-1
	Sequence	-edge_55_0_-SRR33251867.1560_7063_12471 5408 * 0 0 0
Edge	110	6	5	0	0	0	86	-1
	Sequence	+edge_56_0_+SRR33251867.80008_32488_38086 5598 * 0 0 0
Edge	111	56	42	0	0	0	86	-1
	Sequence	-edge_56_0_+SRR33251867.80008_32488_38086 5598 * 0 0 0
Edge	112	85	65	0	0	0	48	-1
	Sequence	+edge_57_0_-SRR33251867.67008_3573_7573 4000 * 0 0 0
Edge	113	26	4	0	0	0	48	-1
	Sequence	-edge_57_0_-SRR33251867.67008_3573_7573 4000 * 0 0 0
Edge	118	62	64	0	0	0	90	-1
	Sequence	+edge_60_0_-SRR33251867.97410_5998_11396 5398 * 0 0 0
Edge	119	1	0	0	0	0	90	-1
	Sequence	-edge_60_0_-SRR33251867.97410_5998_11396 5398 * 0 0 0
