Edge	8	189	74	0	0	0	62	-1
	Sequence	+edge_5_0_-disjointig_1_4528743_4546880 18137 -1 5008611 4528743 4546880
Edge	9	75	18	0	0	0	62	-1
	Sequence	-edge_5_0_-disjointig_1_4528743_4546880 18137 1 5008611 461730 479867
Edge	10	171	153	0	0	0	55	-1
	Sequence	+edge_6_0_+disjointig_1_481129_596742 115613 1 5008611 481129 596742
Edge	11	121	19	0	0	0	55	-1
	Sequence	-edge_6_0_+disjointig_1_481129_596742 115613 -1 5008611 4411868 4527481
Edge	14	11	49	0	0	0	64	-1
	Sequence	+edge_8_0_+disjointig_1_2281405_2400109 118704 1 5008611 2281405 2400109
Edge	15	59	20	0	0	0	64	-1
	Sequence	-edge_8_0_+disjointig_1_2281405_2400109 118704 -1 5008611 2608501 2727205
Edge	16	137	34	0	0	0	75	-1
	Sequence	+edge_9_0_+disjointig_1_2834172_2974123 139951 1 5008611 2834172 2974123
Edge	17	148	142	0	0	0	75	-1
	Sequence	-edge_9_0_+disjointig_1_2834172_2974123 139951 -1 5008611 2034487 2174438
Edge	18	179	30	0	0	0	71	-1
	Sequence	+edge_10_0_-disjointig_1_547998_563454 15456 -1 5008611 547998 563454
Edge	19	27	168	0	0	0	71	-1
	Sequence	-edge_10_0_-disjointig_1_547998_563454 15456 1 5008611 4445156 4460612
Edge	20	111	125	0	0	0	51	-1
	Sequence	+edge_11_0_+disjointig_1_598072_1063050 464978 1 5008611 598072 1063050
Edge	21	108	13	0	0	0	51	-1
	Sequence	-edge_11_0_+disjointig_1_598072_1063050 464978 -1 5008611 3945560 4410538
Edge	22	12	116	0	0	0	61	-1
	Sequence	+edge_12_0_-disjointig_1_2728535_3503375 774840 -1 5008611 2728535 3503375
Edge	23	85	115	0	0	0	61	-1
	Sequence	-edge_12_0_-disjointig_1_2728535_3503375 774840 1 5008611 1505235 2280075
Edge	24	31	36	0	0	0	79	-1
	Sequence	+edge_13_0_-disjointig_1_2175768_2187995 12227 -1 5008611 2175768 2187995
Edge	25	32	136	0	0	0	79	-1
	Sequence	-edge_13_0_-disjointig_1_2175768_2187995 12227 1 5008611 2820615 2832842
Edge	26	158	152	0	0	0	67	-1
	Sequence	+edge_14_0_+disjointig_1_4461942_4465874 3932 1 5008611 4461942 4465874
Edge	27	191	188	0	0	0	67	-1
	Sequence	-edge_14_0_+disjointig_1_4461942_4465874 3932 -1 5008611 542736 546668
Edge	30	185	165	0	0	0	77	-1
	Sequence	+edge_16_0_-disjointig_1_1172220_1466848 294628 -1 5008611 1172220 1466848
Edge	31	43	114	0	0	0	77	-1
	Sequence	-edge_16_0_-disjointig_1_1172220_1466848 294628 1 5008611 3541762 3836390
Edge	32	159	56	0	0	0	50	-1
	Sequence	+edge_17_0_+disjointig_1_1064553_1096093 31540 1 5008611 1064553 1096093
Edge	33	82	160	0	0	0	50	-1
	Sequence	-edge_17_0_+disjointig_1_1064553_1096093 31540 -1 5008611 3912517 3944057
Edge	34	180	149	0	0	0	73	-1
	Sequence	+edge_18_0_+disjointig_1_3837893_4033867 195974 1 5008611 3837893 4033867
Edge	35	53	178	0	0	0	73	-1
	Sequence	-edge_18_0_+disjointig_1_3837893_4033867 195974 -1 5008611 974743 1170717
Edge	38	184	61	0	0	0	66	-1
	Sequence	+edge_20_0_-disjointig_1_2602494_2606722 4228 -1 5008611 2602494 2606722
Edge	39	48	181	0	0	0	66	-1
	Sequence	-edge_20_0_-disjointig_1_2602494_2606722 4228 1 5008611 2401888 2406116
Edge	40	57	151	0	0	0	49	-1
	Sequence	+edge_21_0_-disjointig_1_3905386_3910628 5242 -1 5008611 3905386 3910628
Edge	41	55	62	0	0	0	49	-1
	Sequence	-edge_21_0_-disjointig_1_3905386_3910628 5242 1 5008611 1097982 1103224
Edge	42	60	132	0	0	0	48	-1
	Sequence	+edge_22_0_+disjointig_1_1105003_1156705 51702 1 5008611 1105003 1156705
Edge	43	175	58	0	0	0	48	-1
	Sequence	-edge_22_0_+disjointig_1_1105003_1156705 51702 -1 5008611 3851905 3903607
Edge	44	143	176	0	0	0	65	-1
	Sequence	+edge_23_0_+disjointig_1_2407538_2438388 30850 1 5008611 2407538 2438388
Edge	45	45	183	0	0	0	65	-1
	Sequence	-edge_23_0_+disjointig_1_2407538_2438388 30850 -1 5008611 2570222 2601072
Edge	48	170	128	0	0	0	54	-1
	Sequence	+edge_25_0_+disjointig_1_1158776_1266513 107737 1 5008611 1158776 1266513
Edge	49	130	173	0	0	0	54	-1
	Sequence	-edge_25_0_+disjointig_1_1158776_1266513 107737 -1 5008611 3742097 3849834
Edge	50	128	72	1	0	0	104	-1
	Sequence	+edge_26_0_+disjointig_1_1266513_1276002 9489 1 5008611 1266513 1276002
	Sequence	+edge_26_1_+disjointig_1_1461730_1471130 9400 1 5008611 1461730 1471130
Edge	51	7	130	1	0	0	104	-1
	Sequence	-edge_26_0_+disjointig_1_1266513_1276002 9489 -1 5008611 3732608 3742097
	Sequence	-edge_26_1_+disjointig_1_1461730_1471130 9400 -1 5008611 3537480 3546880
Edge	52	130	116	0	0	0	50	-1
	Sequence	+edge_27_0_-disjointig_1_3546880_3692170 145290 -1 5008611 3546880 3692170
Edge	53	85	128	0	0	0	50	-1
	Sequence	-edge_27_0_-disjointig_1_3546880_3692170 145290 1 5008611 1316440 1461730
Edge	54	100	131	1	0	0	46	2
	Sequence	+edge_28_0_+disjointig_1_1276002_1292317 16315 1 5008611 1276002 1292317
Edge	55	110	95	1	0	0	46	3
	Sequence	-edge_28_0_+disjointig_1_1276002_1292317 16315 -1 5008611 3716293 3732608
Edge	56	100	131	1	0	0	56	2
	Sequence	+edge_29_0_+disjointig_1_1471130_1488222 17092 1 5008611 1471130 1488222
Edge	57	110	95	1	0	0	56	3
	Sequence	-edge_29_0_+disjointig_1_1471130_1488222 17092 -1 5008611 3520388 3537480
Edge	58	10	6	1	0	0	121	-1
	Sequence	+edge_30_0_+disjointig_1_1292317_1295491 3174 1 5008611 1292317 1295491
	Sequence	+edge_30_1_+disjointig_1_1488222_1491397 3175 1 5008611 1488222 1491397
Edge	59	135	9	1	0	0	121	-1
	Sequence	-edge_30_0_+disjointig_1_1292317_1295491 3174 -1 5008611 3713119 3716293
	Sequence	-edge_30_1_+disjointig_1_1488222_1491397 3175 -1 5008611 3517213 3520388
Edge	60	120	103	1	0	0	47	4
	Sequence	+edge_31_0_+disjointig_1_1295491_1299281 3790 1 5008611 1295491 1299281
Edge	61	98	107	1	0	0	47	5
	Sequence	-edge_31_0_+disjointig_1_1295491_1299281 3790 -1 5008611 3709329 3713119
Edge	62	120	103	1	0	0	66	4
	Sequence	+edge_32_0_+disjointig_1_1491397_1493436 2039 1 5008611 1491397 1493436
Edge	63	98	107	1	0	0	66	5
	Sequence	-edge_32_0_+disjointig_1_1491397_1493436 2039 -1 5008611 3515174 3517213
Edge	64	5	16	1	0	0	121	-1
	Sequence	+edge_33_0_+disjointig_1_1299281_1300343 1062 1 5008611 1299281 1300343
	Sequence	+edge_33_1_+disjointig_1_1493436_1494497 1061 1 5008611 1493436 1494497
Edge	65	3	29	1	0	0	121	-1
	Sequence	-edge_33_0_+disjointig_1_1299281_1300343 1062 -1 5008611 3708267 3709329
	Sequence	-edge_33_1_+disjointig_1_1493436_1494497 1061 -1 5008611 3514113 3515174
Edge	66	81	113	1	0	0	59	6
	Sequence	+edge_34_0_+disjointig_1_1300343_1305749 5406 1 5008611 1300343 1305749
Edge	67	105	94	1	0	0	59	7
	Sequence	-edge_34_0_+disjointig_1_1300343_1305749 5406 -1 5008611 3702861 3708267
Edge	68	81	113	1	0	0	60	6
	Sequence	+edge_35_0_+disjointig_1_1494497_1496840 2343 1 5008611 1494497 1496840
Edge	69	105	94	1	0	0	60	7
	Sequence	-edge_35_0_+disjointig_1_1494497_1496840 2343 -1 5008611 3511770 3514113
Edge	70	182	2	1	0	0	123	-1
	Sequence	+edge_36_0_+disjointig_1_1305749_1306815 1066 1 5008611 1305749 1306815
	Sequence	+edge_36_1_+disjointig_1_1496840_1497906 1066 1 5008611 1496840 1497906
Edge	71	8	4	1	0	0	123	-1
	Sequence	-edge_36_0_+disjointig_1_1305749_1306815 1066 -1 5008611 3701795 3702861
	Sequence	-edge_36_1_+disjointig_1_1496840_1497906 1066 -1 5008611 3510704 3511770
Edge	72	177	96	1	0	0	53	8
	Sequence	+edge_37_0_+disjointig_1_1306815_1312952 6137 1 5008611 1306815 1312952
Edge	73	90	92	1	0	0	53	9
	Sequence	-edge_37_0_+disjointig_1_1306815_1312952 6137 -1 5008611 3695658 3701795
Edge	74	177	96	1	0	0	72	8
	Sequence	+edge_38_0_+disjointig_1_1497906_1501776 3870 1 5008611 1497906 1501776
Edge	75	90	92	1	0	0	72	9
	Sequence	-edge_38_0_+disjointig_1_1497906_1501776 3870 -1 5008611 3506834 3510704
Edge	76	1	147	1	0	0	106	-1
	Sequence	+edge_39_0_+disjointig_1_1312952_1313965 1013 1 5008611 1312952 1313965
	Sequence	+edge_39_1_+disjointig_1_1501776_1502790 1014 1 5008611 1501776 1502790
Edge	77	14	0	1	0	0	106	-1
	Sequence	-edge_39_0_+disjointig_1_1312952_1313965 1013 -1 5008611 3694645 3695658
	Sequence	-edge_39_1_+disjointig_1_1501776_1502790 1014 -1 5008611 3505820 3506834
Edge	78	93	88	1	0	0	34	10
	Sequence	+edge_40_0_+disjointig_1_1313965_1315316 1351 1 5008611 1313965 1315316
Edge	79	119	89	1	0	0	34	11
	Sequence	-edge_40_0_+disjointig_1_1313965_1315316 1351 -1 5008611 3693294 3694645
Edge	80	93	88	1	0	0	68	10
	Sequence	+edge_41_0_+disjointig_1_1502790_1504115 1325 1 5008611 1502790 1504115
Edge	81	119	89	1	0	0	68	11
	Sequence	-edge_41_0_+disjointig_1_1502790_1504115 1325 -1 5008611 3504495 3505820
Edge	82	133	85	1	0	0	111	-1
	Sequence	+edge_42_0_+disjointig_1_1315316_1316440 1124 1 5008611 1315316 1316440
	Sequence	+edge_42_1_+disjointig_1_1504115_1505235 1120 1 5008611 1504115 1505235
Edge	83	116	155	1	0	0	111	-1
	Sequence	-edge_42_0_+disjointig_1_1315316_1316440 1124 -1 5008611 3692170 3693294
	Sequence	-edge_42_1_+disjointig_1_1504115_1505235 1120 -1 5008611 3503375 3504495
Edge	86	139	79	0	0	0	80	-1
	Sequence	+edge_44_0_-disjointig_1_1472195_1585191 112996 -1 5008611 1472195 1585191
Edge	87	50	87	0	0	0	80	-1
	Sequence	-edge_44_0_-disjointig_1_1472195_1585191 112996 1 5008611 3423419 3536415
Edge	88	52	77	0	0	0	76	-1
	Sequence	+edge_45_0_-disjointig_1_1590630_1763422 172792 -1 5008611 1590630 1763422
Edge	89	99	51	0	0	0	76	-1
	Sequence	-edge_45_0_-disjointig_1_1590630_1763422 172792 1 5008611 3245188 3417980
Edge	90	22	71	0	0	0	83	-1
	Sequence	+edge_46_0_-disjointig_1_1808939_1976279 167340 -1 5008611 1808939 1976279
Edge	91	68	138	0	0	0	83	-1
	Sequence	-edge_46_0_-disjointig_1_1808939_1976279 167340 1 5008611 3032331 3199671
Edge	92	41	17	0	0	0	73	-1
	Sequence	+edge_47_0_+disjointig_1_4081546_4435019 353473 1 5008611 4081546 4435019
Edge	93	38	86	0	0	0	73	-1
	Sequence	-edge_47_0_+disjointig_1_4081546_4435019 353473 -1 5008611 573591 927064
Edge	94	76	193	0	0	0	81	-1
	Sequence	+edge_48_0_-disjointig_1_1768769_1772800 4031 -1 5008611 1768769 1772800
Edge	95	84	106	0	0	0	81	-1
	Sequence	-edge_48_0_-disjointig_1_1768769_1772800 4031 1 5008611 3235810 3239841
Edge	96	91	104	0	0	0	68	-1
	Sequence	+edge_49_0_+disjointig_1_2443805_2792675 348870 1 5008611 2443805 2792675
Edge	97	118	172	0	0	0	68	-1
	Sequence	-edge_49_0_+disjointig_1_2443805_2792675 348870 -1 5008611 2215935 2564805
Edge	98	21	129	0	0	0	87	-1
	Sequence	+edge_50_0_+disjointig_1_3204996_3234660 29664 1 5008611 3204996 3234660
Edge	99	78	97	0	0	0	87	-1
	Sequence	-edge_50_0_+disjointig_1_3204996_3234660 29664 -1 5008611 1773950 1803614
Edge	100	44	54	0	0	0	78	-1
	Sequence	+edge_51_0_-disjointig_1_932321_973593 41272 -1 5008611 932321 973593
Edge	101	134	42	0	0	0	78	-1
	Sequence	-edge_51_0_-disjointig_1_932321_973593 41272 1 5008611 4035017 4076289
Edge	102	186	169	0	0	0	64	-1
	Sequence	+edge_52_0_-disjointig_1_157664_355122 197458 -1 5008611 157664 355122
Edge	103	63	156	0	0	0	64	-1
	Sequence	-edge_52_0_-disjointig_1_157664_355122 197458 1 5008611 4653488 4850946
Edge	106	69	33	0	0	0	71	-1
	Sequence	+edge_54_0_+disjointig_1_2794566_2819351 24785 1 5008611 2794566 2819351
Edge	107	35	127	0	0	0	71	-1
	Sequence	-edge_54_0_+disjointig_1_2794566_2819351 24785 -1 5008611 2189259 2214044
Edge	108	140	64	0	0	0	75	-1
	Sequence	+edge_55_0_-disjointig_1_1978156_2031133 52977 -1 5008611 1978156 2031133
Edge	109	15	70	0	0	0	75	-1
	Sequence	-edge_55_0_-disjointig_1_1978156_2031133 52977 1 5008611 2977477 3030454
Edge	112	192	145	0	0	0	74	-1
	Sequence	+edge_57_0_+disjointig_1_4436283_4443847 7564 1 5008611 4436283 4443847
Edge	113	28	23	0	0	0	74	-1
	Sequence	-edge_57_0_+disjointig_1_4436283_4443847 7564 -1 5008611 564763 572327
Edge	116	39	109	0	0	0	66	-1
	Sequence	+edge_59_0_+disjointig_1_4475528_4647498 171970 1 5008611 4475528 4647498
Edge	117	66	124	0	0	0	66	-1
	Sequence	-edge_59_0_+disjointig_1_4475528_4647498 171970 -1 5008611 361112 533082
Edge	118	37	122	0	0	0	73	-1
	Sequence	+edge_60_0_-disjointig_1_536436_541427 4991 -1 5008611 536436 541427
Edge	119	83	40	0	0	0	73	-1
	Sequence	-edge_60_0_-disjointig_1_536436_541427 4991 1 5008611 4467183 4472174
Edge	126	112	80	0	0	0	55	-1
	Sequence	+edge_64_0_-disjointig_1_356756_359478 2722 -1 5008611 356756 359478
Edge	127	67	65	0	0	0	55	-1
	Sequence	-edge_64_0_-disjointig_1_356756_359478 2722 1 5008611 4649132 4651854
Edge	128	144	146	0	0	0	26	-1
	Sequence	+edge_65_0_+disjointig_2_0_4024 4024 2 4025 0 4024
Edge	129	154	150	0	0	0	26	-1
	Sequence	-edge_65_0_+disjointig_2_0_4024 4024 -2 4025 0 4024
Edge	134	164	167	1	0	0	136	-1
	Sequence	+edge_68_0_+disjointig_3_10647_12360 1713 3 29720 10647 12360
	Sequence	+edge_68_1_+disjointig_3_20341_21654 1313 3 29720 20341 21654
Edge	135	190	163	1	0	0	136	-1
	Sequence	-edge_68_0_+disjointig_3_10647_12360 1713 -3 29720 17359 19072
	Sequence	-edge_68_1_+disjointig_3_20341_21654 1313 -3 29720 8065 9378
Edge	144	46	26	0	0	0	48	-1
	Sequence	+edge_73_0_+disjointig_4_39188_49414 10226 4 169103 39188 49414
	Sequence	+edge_73_1_+disjointig_4_131348_141575 10227 4 169103 131348 141575
Edge	145	24	101	0	0	0	48	-1
	Sequence	-edge_73_0_+disjointig_4_39188_49414 10226 -4 169103 119688 129914
	Sequence	-edge_73_1_+disjointig_4_131348_141575 10227 -4 169103 27527 37754
Edge	146	126	161	0	0	0	38	-1
	Sequence	+edge_74_0_+disjointig_5_0_2433 2433 5 2434 0 2433
Edge	147	162	141	0	0	0	38	-1
	Sequence	-edge_74_0_+disjointig_5_0_2433 2433 -5 2434 0 2433
Edge	148	187	123	0	0	0	61	-1
	Sequence	+edge_75_0_+disjointig_1_4856284_5008559 152275 1 5008611 4856284 5008559
Edge	149	117	174	0	0	0	61	-1
	Sequence	-edge_75_0_+disjointig_1_4856284_5008559 152275 -1 5008611 51 152326
Edge	150	123	157	0	0	0	58	-1
	Sequence	+edge_76_0_+disjointig_1_47429_460468 413039 1 5008611 47429 460468
Edge	151	73	117	0	0	0	58	-1
	Sequence	-edge_76_0_+disjointig_1_47429_460468 413039 -1 5008611 4548142 4961181
Edge	152	167	164	1	0	0	130	-1
	Sequence	+edge_77_0_+disjointig_3_2870_10647 7777 3 29720 2870 10647
	Sequence	+edge_77_1_+disjointig_3_12360_20341 7981 3 29720 12360 20341
	Sequence	+edge_77_2_+disjointig_3_21654_29634 7980 3 29720 21654 29634
Edge	153	163	190	1	0	0	130	-1
	Sequence	-edge_77_0_+disjointig_3_2870_10647 7777 -3 29720 19072 26849
	Sequence	-edge_77_1_+disjointig_3_12360_20341 7981 -3 29720 9378 17359
	Sequence	-edge_77_2_+disjointig_3_21654_29634 7980 -3 29720 85 8065
Edge	154	102	166	0	0	0	57	-1
	Sequence	+edge_78_0_+disjointig_4_51192_129569 78377 4 169103 51192 129569
Edge	155	47	25	0	0	0	57	-1
	Sequence	-edge_78_0_+disjointig_4_51192_129569 78377 -4 169103 39533 117910
Edge	156	132	170	0	0	0	51	-1
	Sequence	+edge_79_0_-SRR33251869.43633_9649_11721 2072 * 0 0 0
Edge	157	173	175	0	0	0	51	-1
	Sequence	-edge_79_0_-SRR33251869.43633_9649_11721 2072 * 0 0 0
Edge	158	178	185	0	0	0	75	-1
	Sequence	+edge_80_0_+SRR33251869.17294_1780_3280 1500 * 0 0 0
Edge	159	114	180	0	0	0	75	-1
	Sequence	-edge_80_0_+SRR33251869.17294_1780_3280 1500 * 0 0 0
Edge	160	181	143	0	0	0	65	-1
	Sequence	+edge_81_0_-SRR33251869.93714_10029_11447 1418 * 0 0 0
Edge	161	183	184	0	0	0	65	-1
	Sequence	-edge_81_0_-SRR33251869.93714_10029_11447 1418 * 0 0 0
Edge	162	174	186	0	0	0	62	-1
	Sequence	+edge_82_0_-SRR33251869.51377_5264_10593 5329 * 0 0 0
Edge	163	156	187	0	0	0	62	-1
	Sequence	-edge_82_0_-SRR33251869.51377_5264_10593 5329 * 0 0 0
Edge	164	188	179	0	0	0	69	-1
	Sequence	+edge_83_0_-SRR33251869.62186_1553_2883 1330 * 0 0 0
Edge	165	168	158	0	0	0	69	-1
	Sequence	-edge_83_0_-SRR33251869.62186_1553_2883 1330 * 0 0 0
Edge	166	122	191	0	0	0	70	-1
	Sequence	+edge_84_0_-SRR33251869.16574_4063_5371 1308 * 0 0 0
Edge	167	152	83	0	0	0	70	-1
	Sequence	-edge_84_0_-SRR33251869.16574_4063_5371 1308 * 0 0 0
Edge	168	193	78	0	0	0	84	-1
	Sequence	+edge_85_0_+SRR33251869.27936_20784_21934 1150 * 0 0 0
Edge	169	129	84	0	0	0	84	-1
	Sequence	-edge_85_0_+SRR33251869.27936_20784_21934 1150 * 0 0 0
Edge	170	106	99	0	0	0	78	-1
	Sequence	+edge_86_0_+SRR33251869.23176_3942_9286 5344 * 0 0 0
Edge	171	77	76	0	0	0	78	-1
	Sequence	-edge_86_0_+SRR33251869.23176_3942_9286 5344 * 0 0 0
Edge	172	157	75	0	0	0	60	-1
	Sequence	+edge_87_0_-SRR33251869.28801_8429_9691 1262 * 0 0 0
Edge	173	74	73	0	0	0	60	-1
	Sequence	-edge_87_0_-SRR33251869.28801_8429_9691 1262 * 0 0 0
Edge	174	71	140	0	0	0	79	-1
	Sequence	+edge_88_0_-SRR33251869.62637_4785_6663 1878 * 0 0 0
Edge	175	70	68	0	0	0	79	-1
	Sequence	-edge_88_0_-SRR33251869.62637_4785_6663 1878 * 0 0 0
Edge	176	109	67	0	0	0	60	-1
	Sequence	+edge_89_0_-SRR33251869.31302_5521_7156 1635 * 0 0 0
Edge	177	80	66	0	0	0	60	-1
	Sequence	-edge_89_0_-SRR33251869.31302_5521_7156 1635 * 0 0 0
Edge	178	65	63	0	0	0	59	-1
	Sequence	+edge_90_0_-SRR33251869.8574_5380_7014 1634 * 0 0 0
Edge	179	169	112	0	0	0	59	-1
	Sequence	-edge_90_0_-SRR33251869.8574_5380_7014 1634 * 0 0 0
Edge	180	62	60	0	0	0	48	-1
	Sequence	+edge_91_0_+SRR33251869.10823_5558_7332 1774 * 0 0 0
Edge	181	58	57	0	0	0	48	-1
	Sequence	-edge_91_0_+SRR33251869.10823_5558_7332 1774 * 0 0 0
Edge	182	151	82	0	0	0	49	-1
	Sequence	+edge_92_0_-SRR33251869.17623_13330_15220 1890 * 0 0 0
Edge	183	56	55	0	0	0	49	-1
	Sequence	-edge_92_0_-SRR33251869.17623_13330_15220 1890 * 0 0 0
Edge	184	54	53	0	0	0	75	-1
	Sequence	+edge_93_0_-SRR33251869.507_28645_29795 1150 * 0 0 0
Edge	185	149	134	0	0	0	75	-1
	Sequence	-edge_93_0_-SRR33251869.507_28645_29795 1150 * 0 0 0
Edge	186	79	52	0	0	0	78	-1
	Sequence	+edge_94_0_-SRR33251869.37465_13039_18473 5434 * 0 0 0
Edge	187	51	50	0	0	0	78	-1
	Sequence	-edge_94_0_-SRR33251869.37465_13039_18473 5434 * 0 0 0
Edge	188	61	59	0	0	0	65	-1
	Sequence	+edge_95_0_-SRR33251869.54387_21273_23051 1778 * 0 0 0
Edge	189	49	48	0	0	0	65	-1
	Sequence	-edge_95_0_-SRR33251869.54387_21273_23051 1778 * 0 0 0
Edge	190	101	47	0	0	0	52	-1
	Sequence	+edge_96_0_-SRR33251869.91222_43851_45628 1777 * 0 0 0
Edge	191	166	46	0	0	0	52	-1
	Sequence	-edge_96_0_-SRR33251869.91222_43851_45628 1777 * 0 0 0
Edge	192	172	45	0	0	0	66	-1
	Sequence	+edge_97_0_-SRR33251869.24860_16063_21473 5410 * 0 0 0
Edge	193	176	91	0	0	0	66	-1
	Sequence	-edge_97_0_-SRR33251869.24860_16063_21473 5410 * 0 0 0
Edge	194	86	44	0	0	0	75	-1
	Sequence	+edge_98_0_-SRR33251869.12001_21280_26530 5250 * 0 0 0
Edge	195	42	41	0	0	0	75	-1
	Sequence	-edge_98_0_-SRR33251869.12001_21280_26530 5250 * 0 0 0
Edge	196	40	39	0	0	0	69	-1
	Sequence	+edge_99_0_-SRR33251869.61575_25684_29032 3348 * 0 0 0
Edge	197	124	37	0	0	0	69	-1
	Sequence	-edge_99_0_-SRR33251869.61575_25684_29032 3348 * 0 0 0
Edge	198	36	35	0	0	0	75	-1
	Sequence	+edge_100_0_-SRR33251869.42103_19445_20708 1263 * 0 0 0
Edge	199	33	32	0	0	0	75	-1
	Sequence	-edge_100_0_-SRR33251869.42103_19445_20708 1263 * 0 0 0
Edge	200	142	31	0	0	0	77	-1
	Sequence	+edge_101_0_+SRR33251869.92650_1513_2841 1328 * 0 0 0
Edge	201	136	137	0	0	0	77	-1
	Sequence	-edge_101_0_+SRR33251869.92650_1513_2841 1328 * 0 0 0
Edge	202	30	28	0	0	0	72	-1
	Sequence	+edge_102_0_-SRR33251869.101359_10391_11700 1309 * 0 0 0
Edge	203	145	27	0	0	0	72	-1
	Sequence	-edge_102_0_-SRR33251869.101359_10391_11700 1309 * 0 0 0
Edge	204	26	102	0	0	0	52	-1
	Sequence	+edge_103_0_+SRR33251869.105074_1032_2808 1776 * 0 0 0
Edge	205	25	24	0	0	0	52	-1
	Sequence	-edge_103_0_+SRR33251869.105074_1032_2808 1776 * 0 0 0
Edge	206	97	22	0	0	0	85	-1
	Sequence	+edge_104_0_-SRR33251869.19369_9503_14822 5319 * 0 0 0
Edge	207	138	21	0	0	0	85	-1
	Sequence	-edge_104_0_-SRR33251869.19369_9503_14822 5319 * 0 0 0
Edge	208	104	69	0	0	0	69	-1
	Sequence	+edge_105_0_-SRR33251869.80111_16133_18023 1890 * 0 0 0
Edge	209	127	118	0	0	0	69	-1
	Sequence	-edge_105_0_-SRR33251869.80111_16133_18023 1890 * 0 0 0
Edge	210	19	189	0	0	0	58	-1
	Sequence	+edge_106_0_-SRR33251869.73179_7663_8923 1260 * 0 0 0
Edge	211	18	171	0	0	0	58	-1
	Sequence	-edge_106_0_-SRR33251869.73179_7663_8923 1260 * 0 0 0
Edge	212	23	38	0	0	0	73	-1
	Sequence	+edge_107_0_-SRR33251869.17909_3770_5033 1263 * 0 0 0
Edge	213	17	192	0	0	0	73	-1
	Sequence	-edge_107_0_-SRR33251869.17909_3770_5033 1263 * 0 0 0
Edge	214	34	15	0	0	0	75	-1
	Sequence	+edge_108_0_+SRR33251869.22211_21939_25293 3354 * 0 0 0
Edge	215	64	148	0	0	0	75	-1
	Sequence	-edge_108_0_+SRR33251869.22211_21939_25293 3354 * 0 0 0
Edge	216	87	43	0	0	0	78	-1
	Sequence	+edge_109_0_-SRR33251869.8099_6860_12203 5343 * 0 0 0
Edge	217	165	139	0	0	0	78	-1
	Sequence	-edge_109_0_-SRR33251869.8099_6860_12203 5343 * 0 0 0
Edge	218	153	111	0	0	0	53	-1
	Sequence	+edge_110_0_-SRR33251869.45225_5975_7303 1328 * 0 0 0
Edge	219	13	121	0	0	0	53	-1
	Sequence	-edge_110_0_-SRR33251869.45225_5975_7303 1328 * 0 0 0
Edge	220	160	108	0	0	0	50	-1
	Sequence	+edge_111_0_+SRR33251869.77028_14822_16325 1503 * 0 0 0
Edge	221	125	159	0	0	0	50	-1
	Sequence	-edge_111_0_+SRR33251869.77028_14822_16325 1503 * 0 0 0
Edge	222	20	12	0	0	0	62	-1
	Sequence	+edge_112_0_-SRR33251869.12336_2744_4072 1328 * 0 0 0
Edge	223	115	11	0	0	0	62	-1
	Sequence	-edge_112_0_-SRR33251869.12336_2744_4072 1328 * 0 0 0
Edge	224	72	10	1	0	0	112	-1
	Sequence	+edge_113_haplotype 16315 * 0 0 0
Edge	225	9	7	1	0	0	112	-1
	Sequence	-edge_113_haplotype 16315 * 0 0 0
Edge	226	6	5	1	0	0	121	-1
	Sequence	+edge_114_haplotype 3790 * 0 0 0
Edge	227	29	135	1	0	0	121	-1
	Sequence	-edge_114_haplotype 3790 * 0 0 0
Edge	228	16	182	1	0	0	122	-1
	Sequence	+edge_115_haplotype 5406 * 0 0 0
Edge	229	4	3	1	0	0	122	-1
	Sequence	-edge_115_haplotype 5406 * 0 0 0
Edge	230	2	1	1	0	0	114	-1
	Sequence	+edge_116_haplotype 6137 * 0 0 0
Edge	231	0	8	1	0	0	114	-1
	Sequence	-edge_116_haplotype 6137 * 0 0 0
Edge	232	147	133	1	0	0	108	-1
	Sequence	+edge_117_haplotype 1351 * 0 0 0
Edge	233	155	14	1	0	0	108	-1
	Sequence	-edge_117_haplotype 1351 * 0 0 0
